[FactPowerValue]
channel_1=255
channel_2=255
channel_3=255
channel_4=230

[FactPowerValue_Point_9]
channel_1=255
channel_2=255
channel_3=255
channel_4=255

[FactPowerValue_Bili]
channel_1=255
channel_2=255
channel_3=255
channel_4=255

[FactPowerValue_FuJian]
channel_1=0
channel_2=0
channel_3=0
channel_4=210

[SerialPortCount]
PowerCount=1
[SerialPortParameter]
ComPort_0=1
baudRate_0=9600
dataBits_0=8
stopBits_0=1
parity_0=0
ComPort_1=5
baudRate_1=9600
dataBits_1=8
stopBits_1=1
parity1=0
ComPort_2=4
baudRate_2=9600
dataBits_2=8
stopBits_2=1
parity2=0

[Recipe]
NowRecipe=PrismaticBattery



[CalibrationL_0]
dtA=-0.328074346849134
cX=0.9
cY=0.5
cRadius=0.707106781186548
xyAngle=0
kPixelDis_x=0.997422133354421
kPixelDis_y=1.00298562259614
yyAngle=-0.106615252777815
